Number of objects: 100
Duration: 160000 (s)

5.554139 -4.163458 -3.006147
-0.717456 -0.696258 0.259140
1.492151

-6.556178 8.368473 -8.390184
-0.440408 0.645924 -0.017639
1.736469

0.658547 6.086302 -5.451150
0.329228 0.773251 0.647708
1.036118

-5.416277 9.915935 -4.191407
-0.863845 -0.767347 0.690276
1.692417

2.735795 4.858619 6.407218
0.489137 -0.336279 -0.505062
0.151973

-6.162071 -9.344790 0.168185
0.650236 -0.057536 -0.400409
0.426485

-3.421904 0.783673 9.118805
-0.251188 0.743653 -0.618186
1.399971

5.096889 -8.859474 -4.108336
-0.592105 0.346729 -0.088560
1.611016

6.798474 2.531245 -2.420867
-0.365814 -0.969088 -0.163125
0.519220

-2.357791 0.353100 -6.512339
-0.724367 0.513131 -0.126920
0.705313

3.461340 -3.533948 4.192940
-0.244398 0.581995 0.573827
1.485374

-0.722014 -8.451041 -5.612007
0.674912 0.760810 -0.743001
1.073345

-0.940608 -2.792154 -6.364321
0.780233 -0.749364 0.662482
1.793236

-5.491139 8.449953 -4.025835
0.778815 0.234635 -0.897996
0.583623

-2.434776 -2.229340 5.143623
0.003923 -0.475530 0.323140
0.213654

5.174464 -4.323988 -7.213602
-0.272588 -0.399737 -0.303075
0.507219

-6.487322 5.179755 -2.187999
-0.682336 -0.119729 -0.284784
1.063660

-3.828617 8.450666 -5.223736
0.810925 0.909077 -0.903778
0.956952

0.223491 -7.664072 -7.129285
-0.910679 -0.820403 -0.589058
1.323533

-3.405234 3.846589 -6.147184
0.019395 0.062287 -0.058515
1.892581

-9.946006 -8.281291 1.450135
0.829200 0.236117 0.489645
1.982457

4.941958 5.728840 -8.454792
-0.746377 0.321186 0.157677
1.747805

-3.063982 -8.644894 9.606229
-0.668947 0.291335 -0.690214
0.848023

2.301511 -3.376472 -8.778245
-0.947250 -0.494443 -0.793511
1.256040

-3.265496 -5.241917 4.267170
0.214140 -0.444490 0.348191
1.802221

-3.014601 9.815043 8.833633
0.380718 -0.262720 -0.815007
0.295941

-5.157119 3.802939 -9.428126
0.023740 -0.472606 0.609478
1.512011

2.108929 -5.741217 5.351499
0.118240 0.533682 -0.541858
1.051772

-2.600231 1.942065 4.944879
-0.025948 -0.645056 -0.573967
0.547177

0.253860 -4.994035 -2.654912
-0.292969 0.789514 0.796932
1.424154

0.946643 -0.020532 1.157601
-0.826131 -0.009443 -0.447001
1.842840

1.791443 4.269362 -6.563149
0.279908 -0.090649 0.749575
1.632576

8.680269 -0.331253 -4.447011
0.145729 -0.026476 0.493778
0.091996

9.886753 -1.219529 -8.143373
0.313219 -0.364796 0.030766
1.870994

2.507989 -6.642211 -4.629457
0.682163 0.272908 0.405217
0.280077

9.150896 -7.377622 2.597369
0.619241 0.903145 0.536958
0.622709

-3.872362 8.246871 -3.255821
-0.574769 -0.896195 0.709380
1.000341

1.166447 2.631339 5.490318
0.907317 0.151644 0.605151
0.062634

-4.456338 0.334381 -0.700393
0.658080 0.377255 -0.019578
1.611680

-3.147570 -1.821946 -1.057334
-0.556047 0.403464 -0.058081
1.862169

4.181463 6.219941 -2.406244
-0.191802 0.953704 0.782802
0.578544

9.876222 -4.018551 2.632456
0.122595 0.153234 -0.760513
0.709650

9.022859 -6.834179 -9.660352
0.419708 0.229016 -0.079408
1.868121

1.024373 7.371685 5.067800
0.123469 -0.243427 -0.863108
0.308470

4.820138 0.086705 -1.433479
-0.974457 0.093317 0.181213
0.285239

5.817343 2.739711 -8.629659
-0.473389 -0.960929 -0.333821
0.442333

-8.474597 5.614223 2.050050
-0.119616 0.121296 0.798618
0.838261

2.199335 -3.659982 -2.167938
0.516818 -0.373062 -0.723216
0.449866

-3.979335 -3.323110 -5.155482
0.380717 0.625434 0.700209
1.640620

5.328107 6.702314 -4.832599
0.618066 0.351732 0.559227
1.359143

-0.516133 -4.738176 -0.895737
0.741953 0.402949 -0.730771
1.718763

0.415017 3.053061 9.557346
0.724641 0.705907 -0.937594
1.021187

-2.027025 -8.399782 -8.673152
-0.700585 0.446658 0.272705
0.670661

-6.876889 6.523161 2.980474
-0.753835 -0.810857 0.142971
1.758430

7.270321 7.767101 -9.450117
-0.560855 -0.182258 0.910795
1.609699

-7.618604 1.243218 -6.378789
0.125915 -0.387690 0.217696
1.355342

5.966253 0.333740 6.838157
-0.700213 0.732460 0.681290
0.863032

-7.881485 1.400356 5.662118
0.805563 0.334757 -0.161170
0.722943

6.566499 -3.811242 0.566694
-0.343819 -0.527263 0.738281
0.691673

7.328775 -1.550817 -5.916719
0.669589 -0.076165 -0.913283
1.798699

1.023932 9.810086 -2.041081
0.074687 0.113706 -0.384834
0.799077

0.571174 -8.310624 4.315854
0.110064 -0.227412 -0.924418
1.235738

-2.179873 5.902206 -3.223032
0.158369 0.554639 -0.479157
1.553766

0.784817 -4.954319 9.580017
-0.707665 0.488025 0.435194
0.085734

-2.073383 5.434571 -5.607440
0.267506 -0.505073 -0.262605
0.449010

-1.720190 -3.677267 -0.463592
0.754683 0.371429 0.818561
0.837121

-8.072180 -3.686040 -1.247805
-0.746281 -0.571601 0.151548
0.475110

-5.223059 -9.755153 7.228259
-0.602889 0.482242 0.441813
1.694720

-4.723609 4.481515 -7.772913
-0.079362 0.241206 0.840413
1.953776

1.475540 -5.732609 -3.146105
-0.832202 0.341988 -0.980811
0.027963

-3.872339 3.421460 -8.409744
0.773398 -0.726291 0.380714
0.586755

4.042039 8.641379 -7.437311
-0.790252 0.760027 0.250274
0.020294

3.535644 7.990324 -6.389801
-0.005608 0.601669 -0.455153
1.749367

6.261652 -3.665957 8.589755
-0.072661 -0.769090 0.351282
0.126280

6.352246 -7.290120 8.226263
-0.898507 0.911636 -0.028092
1.776140

-2.180707 4.130261 -3.022986
0.311100 -0.140161 -0.988858
1.475207

2.681923 9.468136 3.537750
0.687838 0.857251 0.622135
0.519060

6.709544 -4.902147 1.041579
-0.028395 0.520415 0.676940
1.556829

4.603915 1.263187 5.973369
0.510907 0.422460 -0.269093
0.999097

-5.426695 4.048262 0.945726
0.145697 -0.087249 0.072755
1.454841

-4.886091 -5.454881 2.876698
0.703415 0.271952 0.736018
1.223192

8.480015 8.086820 -3.942823
0.985736 0.591581 0.355781
1.673917

-8.960504 -4.772719 9.730840
0.395422 -0.716291 0.341616
0.124553

-6.647940 -8.930187 -3.570291
-0.878513 0.739800 -0.346465
0.233030

-9.864471 8.795149 -3.575246
-0.784432 -0.234738 -0.097728
1.126564

1.803747 1.261612 -6.627593
-0.598657 0.861187 -0.964813
0.713737

8.998101 7.093783 9.752891
-0.028201 0.202833 -0.975523
0.006967

6.824814 -7.940172 4.172975
-0.888427 -0.134192 -0.092392
1.172226

8.896963 1.557133 -9.816647
0.246670 0.015383 -0.408769
0.510432

-6.734600 -5.367605 -2.680176
0.758461 0.574406 0.327277
1.506098

-9.873882 -6.783397 6.915546
-0.180073 -0.941272 0.368637
0.288783

1.549210 1.645364 6.206898
-0.540166 0.560748 0.158581
0.949540

5.094806 9.119529 -1.444003
-0.815241 -0.084789 -0.925441
1.772967

3.579205 5.058082 -6.970979
0.673592 0.673695 0.725425
1.534208

-6.424434 -3.129575 1.714764
-0.327176 -0.197203 0.571576
0.775042

3.578308 -6.101056 -5.085093
-0.524313 -0.220017 -0.156900
1.430398

-2.460638 -1.046427 9.066779
0.504271 -0.803871 0.276123
0.574353

-3.651467 -3.910155 6.987243
0.569113 0.254014 0.228016
0.035665

9.577284 -8.643820 -9.648263
0.911585 -0.961964 0.943714
1.497133

1.545466 9.663490 7.434619
-0.842539 0.847301 0.080483
1.743740

